Base_6.5_deg
0.999096	-0.0201623
0.998899	-0.0201103
0.998306	-0.0199544
0.997319	-0.0196947
0.995936	-0.0193315
0.994158	-0.0188653
0.991985	-0.0182966
0.989416	-0.0176262
0.986452	-0.0168548
0.983093	-0.0159836
0.979338	-0.0150136
0.975187	-0.0139463
0.970641	-0.0127831
0.965698	-0.0115257
0.960358	-0.0101759
0.954622	-0.00873555
0.94849	-0.00720669
0.94196	-0.00559134
0.935033	-0.00389154
0.927708	-0.00210929
0.919986	-0.000246488
0.911866	0.00169511
0.903348	0.00371396
0.894431	0.00580877
0.885116	0.00797854
0.875403	0.0102226
0.865291	0.0125407
0.854781	0.0149329
0.843873	0.0173996
0.832566	0.0199415
0.827456	0.021086
0.822832	0.0221195
0.818695	0.0230427
0.815045	0.0238563
0.811881	0.0245606
0.809204	0.025156
0.807014	0.0256428
0.805692	0.0259364
0.802621	0.0264084
0.792621	0.0274607
0.787851	0.0279609
0.784132	0.0283502
0.779917	0.0287907
0.775207	0.0292823
0.77	0.0298246
0.755306	0.0313505
0.740612	0.0328699
0.725918	0.0343827
0.711224	0.0358879
0.696531	0.0373836
0.681837	0.0388672
0.667143	0.0403353
0.652449	0.0417839
0.637755	0.0432086
0.623061	0.0446046
0.608367	0.0459665
0.593673	0.0472891
0.57898	0.0485669
0.564286	0.0497945
0.549592	0.0509665
0.534898	0.0520778
0.520204	0.0531235
0.50551	0.0540989
0.490816	0.055
0.476122	0.0558229
0.461429	0.0565642
0.446735	0.0572211
0.432041	0.0577911
0.417347	0.0582721
0.402653	0.0586623
0.387959	0.0589606
0.373265	0.0591658
0.358571	0.059277
0.343878	0.0592935
0.329184	0.0592145
0.31449	0.0590391
0.299796	0.0587661
0.285102	0.0583941
0.270408	0.0579208
0.255714	0.0573436
0.24102	0.0566585
0.226327	0.0558608
0.211633	0.054944
0.196939	0.0539001
0.182245	0.0527188
0.167551	0.0513874
0.152857	0.0498896
0.138163	0.0482051
0.123469	0.0463078
0.108776	0.0441637
0.0940816	0.0417278
0.0793878	0.0389373
0.0646939	0.0357005
0.05	0.0318723
0.0471021	0.0310283
0.0442907	0.030176
0.0415657	0.0293157
0.0389273	0.0284475
0.0363754	0.0275718
0.03391	0.0266887
0.0315311	0.0257985
0.0292388	0.0249014
0.0270329	0.0239978
0.0249135	0.0230878
0.0228806	0.0221718
0.0209343	0.0212498
0.0190744	0.0203223
0.017301	0.0193894
0.0156142	0.0184515
0.0140138	0.0175087
0.0125	0.0165613
0.0110727	0.0156095
0.00973183	0.0146537
0.00847751	0.0136941
0.00730969	0.0127309
0.00622837	0.0117644
0.00523356	0.0107948
0.00432526	0.00982238
0.00350346	0.00884743
0.00276817	0.00787018
0.00211938	0.00689088
0.00155709	0.00590979
0.00108131	0.00492717
0.000692042	0.00394327
0.000389273	0.00295835
0.00017301	0.00197266
4.32526e-05	0.000986458
0	0
4.32526e-05	-0.000986458
0.00017301	-0.00197266
0.000389273	-0.00295835
0.000692042	-0.00394327
0.00108131	-0.00492717
0.00155709	-0.00590979
0.00211938	-0.00689088
0.00276817	-0.00787018
0.00350346	-0.00884743
0.00432526	-0.00982238
0.00523356	-0.0107948
0.00622837	-0.0117644
0.00730969	-0.0127309
0.00847751	-0.0136941
0.00973183	-0.0146537
0.0110727	-0.0156095
0.0125	-0.0165613
0.0140138	-0.0175087
0.0156142	-0.0184515
0.017301	-0.0193894
0.0190744	-0.0203223
0.0209343	-0.0212498
0.0228806	-0.0221717
0.0249135	-0.0230877
0.0270329	-0.0239976
0.0292388	-0.0249012
0.0315311	-0.0257982
0.03391	-0.0266882
0.0363754	-0.0275712
0.0389273	-0.0284468
0.0415657	-0.0293147
0.0442907	-0.0301748
0.0471021	-0.0310267
0.05	-0.0318702
0.0646939	-0.0356947
0.0793878	-0.0389243
0.0940816	-0.0417026
0.108776	-0.04412
0.123469	-0.0462377
0.138163	-0.0480998
0.152857	-0.0497395
0.167551	-0.0511821
0.182245	-0.0524482
0.196939	-0.0535541
0.211633	-0.0545135
0.226327	-0.0553379
0.24102	-0.056037
0.255714	-0.0566193
0.270408	-0.0570918
0.285102	-0.0574611
0.299796	-0.0577328
0.31449	-0.0579118
0.329184	-0.0580026
0.343878	-0.0580092
0.358571	-0.0579354
0.373265	-0.0577843
0.387959	-0.057559
0.402653	-0.0572623
0.417347	-0.0568966
0.432041	-0.0564644
0.446735	-0.0559678
0.461429	-0.0554088
0.476122	-0.0547893
0.490816	-0.0541111
0.50551	-0.0533756
0.520204	-0.0525846
0.534898	-0.0517393
0.549592	-0.0508413
0.564286	-0.0498916
0.57898	-0.0488917
0.593673	-0.0478424
0.608367	-0.0467451
0.623061	-0.0456006
0.637755	-0.0444099
0.652449	-0.043174
0.667143	-0.0418938
0.681837	-0.04057
0.696531	-0.0392035
0.711224	-0.037795
0.725918	-0.0363454
0.740612	-0.0348552
0.755306	-0.0333251
0.77	-0.0317559
0.775207	-0.0311905
0.779917	-0.0306749
0.784132	-0.0302102
0.787851	-0.0297976
0.792821	-0.0292423
0.802821	-0.0282559
0.805864	-0.0282536
0.809108	-0.0282496
0.812852	-0.0282427
0.817096	-0.028232
0.821839	-0.0282166
0.827081	-0.0281952
0.838685	-0.0281317
0.849884	-0.0280497
0.860678	-0.0279516
0.871067	-0.0278397
0.88105	-0.0277161
0.890627	-0.0275829
0.899798	-0.027442
0.908563	-0.0272953
0.916922	-0.0271446
0.924873	-0.0269914
0.932419	-0.0268372
0.939557	-0.0266836
0.946288	-0.0265318
0.952612	-0.0263832
0.958528	-0.0262388
0.964037	-0.0260998
0.969138	-0.0259671
0.973832	-0.0258417
0.978118	-0.0257245
0.981996	-0.0256162
0.985466	-0.0255174
0.988527	-0.0254288
0.991181	-0.025351
0.993427	-0.0252843
0.995264	-0.0252293
0.996693	-0.0251861
0.997714	-0.0251551
0.998326	-0.0251364
0.99853	-0.0251302
